001 00000700 00000000 00000000 00000000 00000000 00000000 00000000 00000000 00000000 00000000 00000000 00000000 00000000 00000000 00000000 00000000 00000000
003 00000801 00000000 00000001 00000000 00000000 00000000 00000000 00000000 00000000 00000001 00000000 00000000 00000000 00000000 00000000 00000000 00000000
005 00000901 00000000 00000100 00000000 00000000 00000000 00000000 00000000 00000000 00000001 00000100 00000000 00000000 00000000 00000000 00000000 00000000
007 00011791 00000000 00000000 00000000 00000000 00000000 00000000 00000000 00000000 00000001 00000100 00000000 00000000 00000000 00000000 00000000 00000000
009 00000991 00000000 00000001 00000000 00000000 00000000 00000000 00000000 00000000 00000001 00000101 00000000 00000000 00000000 00000000 00000000 00000000
00B 00011891 00000000 00000000 00000000 00000000 00000000 00000000 00000000 00000000 00000001 00000101 00000000 00000000 00000000 00000000 00000000 00000000
00D 00000A01 00000000 00000FFF 00000000 00000000 00000000 00000000 00000000 00000000 00000001 00000101 00000FFF 00000000 00000000 00000000 00000000 00000000
00F 00000B01 00000000 00080000 00000000 00000000 00000000 00000000 00000000 00000000 00000001 00000101 00000FFF 00080000 00000000 00000000 00000000 00000000
010 00000887 00000000 00080000 00000000 00000000 00000000 00000000 00000000 00000000 00000001 00000101 00000FFF 00080000 00000000 00000000 00000000 00000000
011 00010709 00000000 00080000 00000000 00000000 00000000 00000000 00000000 00000001 00000001 00000101 00000FFF 00080000 00000000 00000000 00000000 00000000
013 00000991 00000000 00000001 00000000 00000000 00000000 00000000 00000000 00000001 00000001 00000102 00000FFF 00080000 00000000 00000000 00000000 00000000
015 0000E18B 00000000 00000017 00000000 00000000 00000000 00000000 00000000 00000001 00000001 00000102 00000FFF 00080000 00000000 00000000 00000000 00000000
018 0000B19A 00000000 00000018 00000000 00000000 00000000 00000000 00000000 00000001 00000001 00000102 00000FFF 00080000 00000000 00000000 00000000 00000000
01A 00011891 00000000 00000000 00000000 00000000 00000000 00000000 00000000 00000001 00000001 00000102 00000FFF 00080000 00000000 00000000 00000000 00000000
00F 00009100 00000000 0000000F 00000000 00000000 00000000 00000000 00000000 00000001 00000001 00000102 00000FFF 00080000 00000000 00000000 00000000 00000000
010 00000887 00000000 0000000F 00000000 00000000 00000000 00000000 00000000 00000001 00000002 00000102 00000FFF 00080000 00000000 00000000 00000000 00000000
011 00010709 00000000 0000000F 00000000 00000000 00000000 00000000 00000000 00000001 00000002 00000102 00000FFF 00080000 00000000 00000000 00000000 00000000
013 00000991 00000000 00000001 00000000 00000000 00000000 00000000 00000000 00000001 00000002 00000103 00000FFF 00080000 00000000 00000000 00000000 00000000
015 0000E18B 00000000 00000017 00000000 00000000 00000000 00000000 00000000 00000001 00000002 00000103 00000FFF 00080000 00000000 00000000 00000000 00000000
018 0000B19A 00000000 00000018 00000000 00000000 00000000 00000000 00000000 00000001 00000002 00000103 00000FFF 00080000 00000000 00000000 00000000 00000000
01A 00011891 00000000 00000000 00000000 00000000 00000000 00000000 00000000 00000001 00000002 00000103 00000FFF 00080000 00000000 00000000 00000000 00000000
00F 00009100 00000000 0000000F 00000000 00000000 00000000 00000000 00000000 00000001 00000002 00000103 00000FFF 00080000 00000000 00000000 00000000 00000000
010 00000887 00000000 0000000F 00000000 00000000 00000000 00000000 00000000 00000001 00000003 00000103 00000FFF 00080000 00000000 00000000 00000000 00000000
011 00010709 00000000 0000000F 00000000 00000000 00000000 00000000 00000000 00000002 00000003 00000103 00000FFF 00080000 00000000 00000000 00000000 00000000
013 00000991 00000000 00000001 00000000 00000000 00000000 00000000 00000000 00000002 00000003 00000104 00000FFF 00080000 00000000 00000000 00000000 00000000
015 0000E18B 00000000 00000017 00000000 00000000 00000000 00000000 00000000 00000002 00000003 00000104 00000FFF 00080000 00000000 00000000 00000000 00000000
018 0000B19A 00000000 00000018 00000000 00000000 00000000 00000000 00000000 00000002 00000003 00000104 00000FFF 00080000 00000000 00000000 00000000 00000000
01A 00011891 00000000 00000000 00000000 00000000 00000000 00000000 00000000 00000002 00000003 00000104 00000FFF 00080000 00000000 00000000 00000000 00000000
00F 00009100 00000000 0000000F 00000000 00000000 00000000 00000000 00000000 00000002 00000003 00000104 00000FFF 00080000 00000000 00000000 00000000 00000000
010 00000887 00000000 0000000F 00000000 00000000 00000000 00000000 00000000 00000002 00000005 00000104 00000FFF 00080000 00000000 00000000 00000000 00000000
011 00010709 00000000 0000000F 00000000 00000000 00000000 00000000 00000000 00000003 00000005 00000104 00000FFF 00080000 00000000 00000000 00000000 00000000
013 00000991 00000000 00000001 00000000 00000000 00000000 00000000 00000000 00000003 00000005 00000105 00000FFF 00080000 00000000 00000000 00000000 00000000
015 0000E18B 00000000 00000017 00000000 00000000 00000000 00000000 00000000 00000003 00000005 00000105 00000FFF 00080000 00000000 00000000 00000000 00000000
018 0000B19A 00000000 00000018 00000000 00000000 00000000 00000000 00000000 00000003 00000005 00000105 00000FFF 00080000 00000000 00000000 00000000 00000000
01A 00011891 00000000 00000000 00000000 00000000 00000000 00000000 00000000 00000003 00000005 00000105 00000FFF 00080000 00000000 00000000 00000000 00000000
00F 00009100 00000000 0000000F 00000000 00000000 00000000 00000000 00000000 00000003 00000005 00000105 00000FFF 00080000 00000000 00000000 00000000 00000000
010 00000887 00000000 0000000F 00000000 00000000 00000000 00000000 00000000 00000003 00000008 00000105 00000FFF 00080000 00000000 00000000 00000000 00000000
011 00010709 00000000 0000000F 00000000 00000000 00000000 00000000 00000000 00000005 00000008 00000105 00000FFF 00080000 00000000 00000000 00000000 00000000
013 00000991 00000000 00000001 00000000 00000000 00000000 00000000 00000000 00000005 00000008 00000106 00000FFF 00080000 00000000 00000000 00000000 00000000
015 0000E18B 00000000 00000017 00000000 00000000 00000000 00000000 00000000 00000005 00000008 00000106 00000FFF 00080000 00000000 00000000 00000000 00000000
018 0000B19A 00000000 00000018 00000000 00000000 00000000 00000000 00000000 00000005 00000008 00000106 00000FFF 00080000 00000000 00000000 00000000 00000000
01A 00011891 00000000 00000000 00000000 00000000 00000000 00000000 00000000 00000005 00000008 00000106 00000FFF 00080000 00000000 00000000 00000000 00000000
00F 00009100 00000000 0000000F 00000000 00000000 00000000 00000000 00000000 00000005 00000008 00000106 00000FFF 00080000 00000000 00000000 00000000 00000000
010 00000887 00000000 0000000F 00000000 00000000 00000000 00000000 00000000 00000005 0000000D 00000106 00000FFF 00080000 00000000 00000000 00000000 00000000
011 00010709 00000000 0000000F 00000000 00000000 00000000 00000000 00000000 00000008 0000000D 00000106 00000FFF 00080000 00000000 00000000 00000000 00000000
013 00000991 00000000 00000001 00000000 00000000 00000000 00000000 00000000 00000008 0000000D 00000107 00000FFF 00080000 00000000 00000000 00000000 00000000
015 0000E18B 00000000 00000017 00000000 00000000 00000000 00000000 00000000 00000008 0000000D 00000107 00000FFF 00080000 00000000 00000000 00000000 00000000
018 0000B19A 00000000 00000018 00000000 00000000 00000000 00000000 00000000 00000008 0000000D 00000107 00000FFF 00080000 00000000 00000000 00000000 00000000
01A 00011891 00000000 00000000 00000000 00000000 00000000 00000000 00000000 00000008 0000000D 00000107 00000FFF 00080000 00000000 00000000 00000000 00000000
00F 00009100 00000000 0000000F 00000000 00000000 00000000 00000000 00000000 00000008 0000000D 00000107 00000FFF 00080000 00000000 00000000 00000000 00000000
010 00000887 00000000 0000000F 00000000 00000000 00000000 00000000 00000000 00000008 00000015 00000107 00000FFF 00080000 00000000 00000000 00000000 00000000
011 00010709 00000000 0000000F 00000000 00000000 00000000 00000000 00000000 0000000D 00000015 00000107 00000FFF 00080000 00000000 00000000 00000000 00000000
013 00000991 00000000 00000001 00000000 00000000 00000000 00000000 00000000 0000000D 00000015 00000108 00000FFF 00080000 00000000 00000000 00000000 00000000
015 0000E18B 00000000 00000017 00000000 00000000 00000000 00000000 00000000 0000000D 00000015 00000108 00000FFF 00080000 00000000 00000000 00000000 00000000
018 0000B19A 00000000 00000018 00000000 00000000 00000000 00000000 00000000 0000000D 00000015 00000108 00000FFF 00080000 00000000 00000000 00000000 00000000
01A 00011891 00000000 00000000 00000000 00000000 00000000 00000000 00000000 0000000D 00000015 00000108 00000FFF 00080000 00000000 00000000 00000000 00000000
00F 00009100 00000000 0000000F 00000000 00000000 00000000 00000000 00000000 0000000D 00000015 00000108 00000FFF 00080000 00000000 00000000 00000000 00000000
010 00000887 00000000 0000000F 00000000 00000000 00000000 00000000 00000000 0000000D 00000022 00000108 00000FFF 00080000 00000000 00000000 00000000 00000000
011 00010709 00000000 0000000F 00000000 00000000 00000000 00000000 00000000 00000015 00000022 00000108 00000FFF 00080000 00000000 00000000 00000000 00000000
013 00000991 00000000 00000001 00000000 00000000 00000000 00000000 00000000 00000015 00000022 00000109 00000FFF 00080000 00000000 00000000 00000000 00000000
015 0000E18B 00000000 00000017 00000000 00000000 00000000 00000000 00000000 00000015 00000022 00000109 00000FFF 00080000 00000000 00000000 00000000 00000000
018 0000B19A 00000000 00000018 00000000 00000000 00000000 00000000 00000000 00000015 00000022 00000109 00000FFF 00080000 00000000 00000000 00000000 00000000
01A 00011891 00000000 00000000 00000000 00000000 00000000 00000000 00000000 00000015 00000022 00000109 00000FFF 00080000 00000000 00000000 00000000 00000000
00F 00009100 00000000 0000000F 00000000 00000000 00000000 00000000 00000000 00000015 00000022 00000109 00000FFF 00080000 00000000 00000000 00000000 00000000
010 00000887 00000000 0000000F 00000000 00000000 00000000 00000000 00000000 00000015 00000037 00000109 00000FFF 00080000 00000000 00000000 00000000 00000000
011 00010709 00000000 0000000F 00000000 00000000 00000000 00000000 00000000 00000022 00000037 00000109 00000FFF 00080000 00000000 00000000 00000000 00000000
013 00000991 00000000 00000001 00000000 00000000 00000000 00000000 00000000 00000022 00000037 0000010A 00000FFF 00080000 00000000 00000000 00000000 00000000
015 0000E18B 00000000 00000017 00000000 00000000 00000000 00000000 00000000 00000022 00000037 0000010A 00000FFF 00080000 00000000 00000000 00000000 00000000
018 0000B19A 00000000 00000018 00000000 00000000 00000000 00000000 00000000 00000022 00000037 0000010A 00000FFF 00080000 00000000 00000000 00000000 00000000
01A 00011891 00000000 00000000 00000000 00000000 00000000 00000000 00000000 00000022 00000037 0000010A 00000FFF 00080000 00000000 00000000 00000000 00000000
00F 00009100 00000000 0000000F 00000000 00000000 00000000 00000000 00000000 00000022 00000037 0000010A 00000FFF 00080000 00000000 00000000 00000000 00000000
010 00000887 00000000 0000000F 00000000 00000000 00000000 00000000 00000000 00000022 00000059 0000010A 00000FFF 00080000 00000000 00000000 00000000 00000000
011 00010709 00000000 0000000F 00000000 00000000 00000000 00000000 00000000 00000037 00000059 0000010A 00000FFF 00080000 00000000 00000000 00000000 00000000
013 00000991 00000000 00000001 00000000 00000000 00000000 00000000 00000000 00000037 00000059 0000010B 00000FFF 00080000 00000000 00000000 00000000 00000000
015 0000E18B 00000000 00000017 00000000 00000000 00000000 00000000 00000000 00000037 00000059 0000010B 00000FFF 00080000 00000000 00000000 00000000 00000000
018 0000B19A 00000000 00000018 00000000 00000000 00000000 00000000 00000000 00000037 00000059 0000010B 00000FFF 00080000 00000000 00000000 00000000 00000000
01A 00011891 00000000 00000000 00000000 00000000 00000000 00000000 00000000 00000037 00000059 0000010B 00000FFF 00080000 00000000 00000000 00000000 00000000
00F 00009100 00000000 0000000F 00000000 00000000 00000000 00000000 00000000 00000037 00000059 0000010B 00000FFF 00080000 00000000 00000000 00000000 00000000
010 00000887 00000000 0000000F 00000000 00000000 00000000 00000000 00000000 00000037 00000090 0000010B 00000FFF 00080000 00000000 00000000 00000000 00000000
011 00010709 00000000 0000000F 00000000 00000000 00000000 00000000 00000000 00000059 00000090 0000010B 00000FFF 00080000 00000000 00000000 00000000 00000000
013 00000991 00000000 00000001 00000000 00000000 00000000 00000000 00000000 00000059 00000090 0000010C 00000FFF 00080000 00000000 00000000 00000000 00000000
015 0000E18B 00000000 00000017 00000000 00000000 00000000 00000000 00000000 00000059 00000090 0000010C 00000FFF 00080000 00000000 00000000 00000000 00000000
018 0000B19A 00000000 00000018 00000000 00000000 00000000 00000000 00000000 00000059 00000090 0000010C 00000FFF 00080000 00000000 00000000 00000000 00000000
01A 00011891 00000000 00000000 00000000 00000000 00000000 00000000 00000000 00000059 00000090 0000010C 00000FFF 00080000 00000000 00000000 00000000 00000000
00F 00009100 00000000 0000000F 00000000 00000000 00000000 00000000 00000000 00000059 00000090 0000010C 00000FFF 00080000 00000000 00000000 00000000 00000000
010 00000887 00000000 0000000F 00000000 00000000 00000000 00000000 00000000 00000059 000000E9 0000010C 00000FFF 00080000 00000000 00000000 00000000 00000000
011 00010709 00000000 0000000F 00000000 00000000 00000000 00000000 00000000 00000090 000000E9 0000010C 00000FFF 00080000 00000000 00000000 00000000 00000000
013 00000991 00000000 00000001 00000000 00000000 00000000 00000000 00000000 00000090 000000E9 0000010D 00000FFF 00080000 00000000 00000000 00000000 00000000
015 0000E18B 00000000 00000017 00000000 00000000 00000000 00000000 00000000 00000090 000000E9 0000010D 00000FFF 00080000 00000000 00000000 00000000 00000000
018 0000B19A 00000000 00000018 00000000 00000000 00000000 00000000 00000000 00000090 000000E9 0000010D 00000FFF 00080000 00000000 00000000 00000000 00000000
01A 00011891 00000000 00000000 00000000 00000000 00000000 00000000 00000000 00000090 000000E9 0000010D 00000FFF 00080000 00000000 00000000 00000000 00000000
00F 00009100 00000000 0000000F 00000000 00000000 00000000 00000000 00000000 00000090 000000E9 0000010D 00000FFF 00080000 00000000 00000000 00000000 00000000
010 00000887 00000000 0000000F 00000000 00000000 00000000 00000000 00000000 00000090 00000179 0000010D 00000FFF 00080000 00000000 00000000 00000000 00000000
011 00010709 00000000 0000000F 00000000 00000000 00000000 00000000 00000000 000000E9 00000179 0000010D 00000FFF 00080000 00000000 00000000 00000000 00000000
013 00000991 00000000 00000001 00000000 00000000 00000000 00000000 00000000 000000E9 00000179 0000010E 00000FFF 00080000 00000000 00000000 00000000 00000000
015 0000E18B 00000000 00000017 00000000 00000000 00000000 00000000 00000000 000000E9 00000179 0000010E 00000FFF 00080000 00000000 00000000 00000000 00000000
018 0000B19A 00000000 00000018 00000000 00000000 00000000 00000000 00000000 000000E9 00000179 0000010E 00000FFF 00080000 00000000 00000000 00000000 00000000
01A 00011891 00000000 00000000 00000000 00000000 00000000 00000000 00000000 000000E9 00000179 0000010E 00000FFF 00080000 00000000 00000000 00000000 00000000
00F 00009100 00000000 0000000F 00000000 00000000 00000000 00000000 00000000 000000E9 00000179 0000010E 00000FFF 00080000 00000000 00000000 00000000 00000000
010 00000887 00000000 0000000F 00000000 00000000 00000000 00000000 00000000 000000E9 00000262 0000010E 00000FFF 00080000 00000000 00000000 00000000 00000000
011 00010709 00000000 0000000F 00000000 00000000 00000000 00000000 00000000 00000179 00000262 0000010E 00000FFF 00080000 00000000 00000000 00000000 00000000
013 00000991 00000000 00000001 00000000 00000000 00000000 00000000 00000000 00000179 00000262 0000010F 00000FFF 00080000 00000000 00000000 00000000 00000000
015 0000E18B 00000000 00000017 00000000 00000000 00000000 00000000 00000000 00000179 00000262 0000010F 00000FFF 00080000 00000000 00000000 00000000 00000000
018 0000B19A 00000000 00000018 00000000 00000000 00000000 00000000 00000000 00000179 00000262 0000010F 00000FFF 00080000 00000000 00000000 00000000 00000000
01A 00011891 00000000 00000000 00000000 00000000 00000000 00000000 00000000 00000179 00000262 0000010F 00000FFF 00080000 00000000 00000000 00000000 00000000
00F 00009100 00000000 0000000F 00000000 00000000 00000000 00000000 00000000 00000179 00000262 0000010F 00000FFF 00080000 00000000 00000000 00000000 00000000
010 00000887 00000000 0000000F 00000000 00000000 00000000 00000000 00000000 00000179 000003DB 0000010F 00000FFF 00080000 00000000 00000000 00000000 00000000
011 00010709 00000000 0000000F 00000000 00000000 00000000 00000000 00000000 00000262 000003DB 0000010F 00000FFF 00080000 00000000 00000000 00000000 00000000
013 00000991 00000000 00000001 00000000 00000000 00000000 00000000 00000000 00000262 000003DB 00000110 00000FFF 00080000 00000000 00000000 00000000 00000000
015 0000E18B 00000000 00000017 00000000 00000000 00000000 00000000 00000000 00000262 000003DB 00000110 00000FFF 00080000 00000000 00000000 00000000 00000000
018 0000B19A 00000000 00000018 00000000 00000000 00000000 00000000 00000000 00000262 000003DB 00000110 00000FFF 00080000 00000000 00000000 00000000 00000000
01A 00011891 00000000 00000000 00000000 00000000 00000000 00000000 00000000 00000262 000003DB 00000110 00000FFF 00080000 00000000 00000000 00000000 00000000
00F 00009100 00000000 0000000F 00000000 00000000 00000000 00000000 00000000 00000262 000003DB 00000110 00000FFF 00080000 00000000 00000000 00000000 00000000
010 00000887 00000000 0000000F 00000000 00000000 00000000 00000000 00000000 00000262 0000063D 00000110 00000FFF 00080000 00000000 00000000 00000000 00000000
011 00010709 00000000 0000000F 00000000 00000000 00000000 00000000 00000000 000003DB 0000063D 00000110 00000FFF 00080000 00000000 00000000 00000000 00000000
013 00000991 00000000 00000001 00000000 00000000 00000000 00000000 00000000 000003DB 0000063D 00000111 00000FFF 00080000 00000000 00000000 00000000 00000000
015 0000E18B 00000000 00000017 00000000 00000000 00000000 00000000 00000000 000003DB 0000063D 00000111 00000FFF 00080000 00000000 00000000 00000000 00000000
018 0000B19A 00000000 00000018 00000000 00000000 00000000 00000000 00000000 000003DB 0000063D 00000111 00000FFF 00080000 00000000 00000000 00000000 00000000
01A 00011891 00000000 00000000 00000000 00000000 00000000 00000000 00000000 000003DB 0000063D 00000111 00000FFF 00080000 00000000 00000000 00000000 00000000
00F 00009100 00000000 0000000F 00000000 00000000 00000000 00000000 00000000 000003DB 0000063D 00000111 00000FFF 00080000 00000000 00000000 00000000 00000000
010 00000887 00000000 0000000F 00000000 00000000 00000000 00000000 00000000 000003DB 00000A18 00000111 00000FFF 00080000 00000000 00000000 00000000 00000000
011 00010709 00000000 0000000F 00000000 00000000 00000000 00000000 00000000 0000063D 00000A18 00000111 00000FFF 00080000 00000000 00000000 00000000 00000000
013 00000991 00000000 00000001 00000000 00000000 00000000 00000000 00000000 0000063D 00000A18 00000112 00000FFF 00080000 00000000 00000000 00000000 00000000
015 0000E18B 00000000 00000017 00000000 00000000 00000000 00000000 00000000 0000063D 00000A18 00000112 00000FFF 00080000 00000000 00000000 00000000 00000000
018 0000B19A 00000000 00000018 00000000 00000000 00000000 00000000 00000000 0000063D 00000A18 00000112 00000FFF 00080000 00000000 00000000 00000000 00000000
01A 00011891 00000000 00000000 00000000 00000000 00000000 00000000 00000000 0000063D 00000A18 00000112 00000FFF 00080000 00000000 00000000 00000000 00000000
00F 00009100 00000000 0000000F 00000000 00000000 00000000 00000000 00000000 0000063D 00000A18 00000112 00000FFF 00080000 00000000 00000000 00000000 00000000
010 00000887 00000000 0000000F 00000000 00000000 00000000 00000000 00000000 0000063D 00001055 00000112 00000FFF 00080000 00000000 00000000 00000000 00000000
011 00010709 00000000 0000000F 00000000 00000000 00000000 00000000 00000000 00000A18 00001055 00000112 00000FFF 00080000 00000000 00000000 00000000 00000000
013 00000991 00000000 00000001 00000000 00000000 00000000 00000000 00000000 00000A18 00001055 00000113 00000FFF 00080000 00000000 00000000 00000000 00000000
015 0000E18B 00000000 00000017 00000000 00000000 00000000 00000000 00000000 00000A18 00001055 00000113 00000FFF 00080000 00000000 00000000 00000000 00000000
018 0000B19A 00000000 00000018 00000000 00000000 00000000 00000000 00000000 00000A18 00001055 00000113 00000FFF 00080000 00000000 00000000 00000000 00000000
01A 00011891 00000000 00000000 00000000 00000000 00000000 00000000 00000000 00000A18 00001055 00000113 00000FFF 00080000 00000000 00000000 00000000 00000000
00F 00009100 00000000 0000000F 00000000 00000000 00000000 00000000 00000000 00000A18 00001055 00000113 00000FFF 00080000 00000000 00000000 00000000 00000000
010 00000887 00000000 0000000F 00000000 00000000 00000000 00000000 00000000 00000A18 00001A6D 00000113 00000FFF 00080000 00000000 00000000 00000000 00000000
011 00010709 00000000 0000000F 00000000 00000000 00000000 00000000 00000000 00001055 00001A6D 00000113 00000FFF 00080000 00000000 00000000 00000000 00000000
013 00000991 00000000 00000001 00000000 00000000 00000000 00000000 00000000 00001055 00001A6D 00000114 00000FFF 00080000 00000000 00000000 00000000 00000000
015 0000E18B 00000000 00000017 00000000 00000000 00000000 00000000 00000000 00001055 00001A6D 00000114 00000FFF 00080000 00000000 00000000 00000000 00000000
018 0000B19A 00000000 00000018 00000000 00000000 00000000 00000000 00000000 00001055 00001A6D 00000114 00000FFF 00080000 00000000 00000000 00000000 00000000
01A 00011891 00000000 00000000 00000000 00000000 00000000 00000000 00000000 00001055 00001A6D 00000114 00000FFF 00080000 00000000 00000000 00000000 00000000
00F 00009100 00000000 0000000F 00000000 00000000 00000000 00000000 00000000 00001055 00001A6D 00000114 00000FFF 00080000 00000000 00000000 00000000 00000000
010 00000887 00000000 0000000F 00000000 00000000 00000000 00000000 00000000 00001055 00002AC2 00000114 00000FFF 00080000 00000000 00000000 00000000 00000000
011 00010709 00000000 0000000F 00000000 00000000 00000000 00000000 00000000 00001A6D 00002AC2 00000114 00000FFF 00080000 00000000 00000000 00000000 00000000
013 00000991 00000000 00000001 00000000 00000000 00000000 00000000 00000000 00001A6D 00002AC2 00000115 00000FFF 00080000 00000000 00000000 00000000 00000000
015 0000E18B 00000000 00000017 00000000 00000000 00000000 00000000 00000000 00001A6D 00002AC2 00000115 00000FFF 00080000 00000000 00000000 00000000 00000000
018 0000B19A 00000000 00000018 00000000 00000000 00000000 00000000 00000000 00001A6D 00002AC2 00000115 00000FFF 00080000 00000000 00000000 00000000 00000000
01A 00011891 00000000 00000000 00000000 00000000 00000000 00000000 00000000 00001A6D 00002AC2 00000115 00000FFF 00080000 00000000 00000000 00000000 00000000
00F 00009100 00000000 0000000F 00000000 00000000 00000000 00000000 00000000 00001A6D 00002AC2 00000115 00000FFF 00080000 00000000 00000000 00000000 00000000
010 00000887 00000000 0000000F 00000000 00000000 00000000 00000000 00000000 00001A6D 0000452F 00000115 00000FFF 00080000 00000000 00000000 00000000 00000000
011 00010709 00000000 0000000F 00000000 00000000 00000000 00000000 00000000 00002AC2 0000452F 00000115 00000FFF 00080000 00000000 00000000 00000000 00000000
013 00000991 00000000 00000001 00000000 00000000 00000000 00000000 00000000 00002AC2 0000452F 00000116 00000FFF 00080000 00000000 00000000 00000000 00000000
015 0000E18B 00000000 00000017 00000000 00000000 00000000 00000000 00000000 00002AC2 0000452F 00000116 00000FFF 00080000 00000000 00000000 00000000 00000000
018 0000B19A 00000000 00000018 00000000 00000000 00000000 00000000 00000000 00002AC2 0000452F 00000116 00000FFF 00080000 00000000 00000000 00000000 00000000
01A 00011891 00000000 00000000 00000000 00000000 00000000 00000000 00000000 00002AC2 0000452F 00000116 00000FFF 00080000 00000000 00000000 00000000 00000000
00F 00009100 00000000 0000000F 00000000 00000000 00000000 00000000 00000000 00002AC2 0000452F 00000116 00000FFF 00080000 00000000 00000000 00000000 00000000
010 00000887 00000000 0000000F 00000000 00000000 00000000 00000000 00000000 00002AC2 00006FF1 00000116 00000FFF 00080000 00000000 00000000 00000000 00000000
011 00010709 00000000 0000000F 00000000 00000000 00000000 00000000 00000000 0000452F 00006FF1 00000116 00000FFF 00080000 00000000 00000000 00000000 00000000
013 00000991 00000000 00000001 00000000 00000000 00000000 00000000 00000000 0000452F 00006FF1 00000117 00000FFF 00080000 00000000 00000000 00000000 00000000
015 0000E18B 00000000 00000017 00000000 00000000 00000000 00000000 00000000 0000452F 00006FF1 00000117 00000FFF 00080000 00000000 00000000 00000000 00000000
018 0000B19A 00000000 00000018 00000000 00000000 00000000 00000000 00000000 0000452F 00006FF1 00000117 00000FFF 00080000 00000000 00000000 00000000 00000000
01A 00011891 00000000 00000000 00000000 00000000 00000000 00000000 00000000 0000452F 00006FF1 00000117 00000FFF 00080000 00000000 00000000 00000000 00000000
00F 00009100 00000000 0000000F 00000000 00000000 00000000 00000000 00000000 0000452F 00006FF1 00000117 00000FFF 00080000 00000000 00000000 00000000 00000000
010 00000887 00000000 0000000F 00000000 00000000 00000000 00000000 00000000 0000452F 0000B520 00000117 00000FFF 00080000 00000000 00000000 00000000 00000000
011 00010709 00000000 0000000F 00000000 00000000 00000000 00000000 00000000 00006FF1 0000B520 00000117 00000FFF 00080000 00000000 00000000 00000000 00000000
013 00000991 00000000 00000001 00000000 00000000 00000000 00000000 00000000 00006FF1 0000B520 00000118 00000FFF 00080000 00000000 00000000 00000000 00000000
015 0000E18B 00000000 00000017 00000000 00000000 00000000 00000000 00000000 00006FF1 0000B520 00000118 00000FFF 00080000 00000000 00000000 00000000 00000000
018 0000B19A 00000000 00000018 00000000 00000000 00000000 00000000 00000000 00006FF1 0000B520 00000118 00000FFF 00080000 00000000 00000000 00000000 00000000
01A 00011891 00000000 00000000 00000000 00000000 00000000 00000000 00000000 00006FF1 0000B520 00000118 00000FFF 00080000 00000000 00000000 00000000 00000000
00F 00009100 00000000 0000000F 00000000 00000000 00000000 00000000 00000000 00006FF1 0000B520 00000118 00000FFF 00080000 00000000 00000000 00000000 00000000
010 00000887 00000000 0000000F 00000000 00000000 00000000 00000000 00000000 00006FF1 00012511 00000118 00000FFF 00080000 00000000 00000000 00000000 00000000
011 00010709 00000000 0000000F 00000000 00000000 00000000 00000000 00000000 0000B520 00012511 00000118 00000FFF 00080000 00000000 00000000 00000000 00000000
013 00000991 00000000 00000001 00000000 00000000 00000000 00000000 00000000 0000B520 00012511 00000119 00000FFF 00080000 00000000 00000000 00000000 00000000
015 0000E18B 00000000 00000017 00000000 00000000 00000000 00000000 00000000 0000B520 00012511 00000119 00000FFF 00080000 00000000 00000000 00000000 00000000
018 0000B19A 00000000 00000018 00000000 00000000 00000000 00000000 00000000 0000B520 00012511 00000119 00000FFF 00080000 00000000 00000000 00000000 00000000
01A 00011891 00000000 00000000 00000000 00000000 00000000 00000000 00000000 0000B520 00012511 00000119 00000FFF 00080000 00000000 00000000 00000000 00000000
00F 00009100 00000000 0000000F 00000000 00000000 00000000 00000000 00000000 0000B520 00012511 00000119 00000FFF 00080000 00000000 00000000 00000000 00000000
010 00000887 00000000 0000000F 00000000 00000000 00000000 00000000 00000000 0000B520 0001DA31 00000119 00000FFF 00080000 00000000 00000000 00000000 00000000
011 00010709 00000000 0000000F 00000000 00000000 00000000 00000000 00000000 00012511 0001DA31 00000119 00000FFF 00080000 00000000 00000000 00000000 00000000
013 00000991 00000000 00000001 00000000 00000000 00000000 00000000 00000000 00012511 0001DA31 0000011A 00000FFF 00080000 00000000 00000000 00000000 00000000
015 0000E18B 00000000 00000017 00000000 00000000 00000000 00000000 00000000 00012511 0001DA31 0000011A 00000FFF 00080000 00000000 00000000 00000000 00000000
018 0000B19A 00000000 00000018 00000000 00000000 00000000 00000000 00000000 00012511 0001DA31 0000011A 00000FFF 00080000 00000000 00000000 00000000 00000000
01A 00011891 00000000 00000000 00000000 00000000 00000000 00000000 00000000 00012511 0001DA31 0000011A 00000FFF 00080000 00000000 00000000 00000000 00000000
00F 00009100 00000000 0000000F 00000000 00000000 00000000 00000000 00000000 00012511 0001DA31 0000011A 00000FFF 00080000 00000000 00000000 00000000 00000000
010 00000887 00000000 0000000F 00000000 00000000 00000000 00000000 00000000 00012511 0002FF42 0000011A 00000FFF 00080000 00000000 00000000 00000000 00000000
011 00010709 00000000 0000000F 00000000 00000000 00000000 00000000 00000000 0001DA31 0002FF42 0000011A 00000FFF 00080000 00000000 00000000 00000000 00000000
013 00000991 00000000 00000001 00000000 00000000 00000000 00000000 00000000 0001DA31 0002FF42 0000011B 00000FFF 00080000 00000000 00000000 00000000 00000000
015 0000E18B 00000000 00000017 00000000 00000000 00000000 00000000 00000000 0001DA31 0002FF42 0000011B 00000FFF 00080000 00000000 00000000 00000000 00000000
018 0000B19A 00000000 00000018 00000000 00000000 00000000 00000000 00000000 0001DA31 0002FF42 0000011B 00000FFF 00080000 00000000 00000000 00000000 00000000
01A 00011891 00000000 00000000 00000000 00000000 00000000 00000000 00000000 0001DA31 0002FF42 0000011B 00000FFF 00080000 00000000 00000000 00000000 00000000
00F 00009100 00000000 0000000F 00000000 00000000 00000000 00000000 00000000 0001DA31 0002FF42 0000011B 00000FFF 00080000 00000000 00000000 00000000 00000000
010 00000887 00000000 0000000F 00000000 00000000 00000000 00000000 00000000 0001DA31 0004D973 0000011B 00000FFF 00080000 00000000 00000000 00000000 00000000
011 00010709 00000000 0000000F 00000000 00000000 00000000 00000000 00000000 0002FF42 0004D973 0000011B 00000FFF 00080000 00000000 00000000 00000000 00000000
013 00000991 00000000 00000001 00000000 00000000 00000000 00000000 00000000 0002FF42 0004D973 0000011C 00000FFF 00080000 00000000 00000000 00000000 00000000
015 0000E18B 00000000 00000017 00000000 00000000 00000000 00000000 00000000 0002FF42 0004D973 0000011C 00000FFF 00080000 00000000 00000000 00000000 00000000
018 0000B19A 00000000 00000018 00000000 00000000 00000000 00000000 00000000 0002FF42 0004D973 0000011C 00000FFF 00080000 00000000 00000000 00000000 00000000
01A 00011891 00000000 00000000 00000000 00000000 00000000 00000000 00000000 0002FF42 0004D973 0000011C 00000FFF 00080000 00000000 00000000 00000000 00000000
00F 00009100 00000000 0000000F 00000000 00000000 00000000 00000000 00000000 0002FF42 0004D973 0000011C 00000FFF 00080000 00000000 00000000 00000000 00000000
010 00000887 00000000 0000000F 00000000 00000000 00000000 00000000 00000000 0002FF42 0007D8B5 0000011C 00000FFF 00080000 00000000 00000000 00000000 00000000
011 00010709 00000000 0000000F 00000000 00000000 00000000 00000000 00000000 0004D973 0007D8B5 0000011C 00000FFF 00080000 00000000 00000000 00000000 00000000
013 00000991 00000000 00000001 00000000 00000000 00000000 00000000 00000000 0004D973 0007D8B5 0000011D 00000FFF 00080000 00000000 00000000 00000000 00000000
015 0000E18B 00000000 00000017 00000000 00000000 00000000 00000000 00000000 0004D973 0007D8B5 0000011D 00000FFF 00080000 00000000 00000000 00000000 00000000
018 0000B19A 00000000 00000018 00000000 00000000 00000000 00000000 00000000 0004D973 0007D8B5 0000011D 00000FFF 00080000 00000000 00000000 00000000 00000000
01A 00011891 00000000 00000000 00000000 00000000 00000000 00000000 00000000 0004D973 0007D8B5 0000011D 00000FFF 00080000 00000000 00000000 00000000 00000000
00F 00009100 00000000 0000000F 00000000 00000000 00000000 00000000 00000000 0004D973 0007D8B5 0000011D 00000FFF 00080000 00000000 00000000 00000000 00000000
010 00000887 00000000 0000000F 00000000 00000000 00000000 00000000 00000000 0004D973 000CB228 0000011D 00000FFF 00080000 00000000 00000000 00000000 00000000
011 00010709 00000000 0000000F 00000000 00000000 00000000 00000000 00000000 0007D8B5 000CB228 0000011D 00000FFF 00080000 00000000 00000000 00000000 00000000
013 00000991 00000000 00000001 00000000 00000000 00000000 00000000 00000000 0007D8B5 000CB228 0000011E 00000FFF 00080000 00000000 00000000 00000000 00000000
017 0000E18B 00000000 00000017 00000000 00000000 00000000 00000000 00000000 0007D8B5 000CB228 0000011E 00000FFF 00080000 00000000 00000000 00000000 00000000
018 00015000 00000000 00000017 00000000 00000000 00000000 00000000 00000000 0007D8B5 000CB228 0000011E 00000FFF 00080000 00000000 00000000 00000000 00000000